integers
10 0
30 0.000333333
50 0
70 0
90 0
110 0
130 0.000333333
150 0
170 0
190 0.000333333
210 0
230 0
250 0.000333333
270 0
290 0.000333333
310 0
330 0
350 0.000333333
370 0
390 0
410 0.000333333
430 0
450 0.000333333
470 0
490 0.000333333
510 0.000333333
530 0
550 0
570 0.000333333
590 0
610 0.000333333
630 0
650 0.000333333
670 0
690 0
710 0.000333333
730 0
750 0.000333333
770 0
790 0.000333333
810 0
830 0.000333333
850 0
870 0
890 0.000333333
910 0
930 0.000333333
950 0
970 0.000333333
990 0
1010 0
1030 0
1050 0
1070 0
1090 0
1110 0.000333333
1130 0
1150 0
1170 0.000333333
1190 0
1210 0
1230 0.000333333
1250 0
1270 0
1290 0
1310 0
1330 0
1350 0
1370 0
1390 0
1410 0
1430 0
1450 0
1470 0.000333333
1490 0
1510 0
1530 0
1550 0.000333333
1570 0
1590 0
1610 0
1630 0.000333333
1650 0.000333333
1670 0
1690 0
1710 0.000333333
1730 0.000333333
1750 0
1770 0
1790 0
1810 0
1830 0
1850 0
1870 0
1890 0
1910 0
1930 0
1950 0
1970 0
1990 0.000333333
2010 0.000333333
2030 0
2050 0.000333333
2070 0.000333333
2090 0.000333333
2110 0
2130 0.000333333
2150 0
2170 0
2190 0.000333333
2210 0.000333333
2230 0
2250 0
2270 0.000333333
2290 0.000333333
2310 0
2330 0
2350 0
2370 0.000333333
2390 0.000333333
2410 0.000333333
2430 0
2450 0.000333333
2470 0
2490 0
2510 0
2530 0
2550 0
2570 0.000333333
2590 0
2610 0
2630 0
2650 0
2670 0.000333333
2690 0.000666667
2710 0.000333333
2730 0.000333333
2750 0
2770 0
2790 0.000333333
2810 0
2830 0.000333333
2850 0
2870 0
2890 0.000333333
2910 0
2930 0
2950 0.000333333
2970 0.000333333
2990 0.000333333
3010 0
3030 0
3050 0.000333333
3070 0
3090 0
3110 0.000333333
3130 0.000333333
3150 0
3170 0.000333333
3190 0
3210 0
3230 0.000666667
3250 0
3270 0.000333333
3290 0.000333333
3310 0
3330 0.000333333
3350 0
3370 0.000333333
3390 0
3410 0.000333333
3430 0
3450 0.000333333
3470 0.000333333
3490 0.000333333
3510 0.000666667
3530 0.000333333
3550 0.000666667
3570 0.000333333
3590 0
3610 0
3630 0
3650 0
3670 0
3690 0.000333333
3710 0.000333333
3730 0.000333333
3750 0.000666667
3770 0.000333333
3790 0.000666667
3810 0
3830 0.000333333
3850 0
3870 0.000333333
3890 0
3910 0
3930 0.000333333
3950 0.000666667
3970 0.001
3990 0.000666667
4010 0.000333333
4030 0.000666667
4050 0.000333333
4070 0.000333333
4090 0.000666667
4110 0
4130 0.000666667
4150 0.000666667
4170 0.000333333
4190 0
4210 0.000666667
4230 0.000666667
4250 0
4270 0.001
4290 0.000333333
4310 0.000666667
4330 0.000666667
4350 0.000333333
4370 0.000666667
4390 0.000333333
4410 0.000333333
4430 0.000666667
4450 0.000666667
4470 0.000666667
4490 0.000666667
4510 0.000333333
4530 0.001
4550 0.000333333
4570 0
4590 0.000333333
4610 0.000333333
4630 0.000333333
4650 0.000333333
4670 0.000666667
4690 0.000333333
4710 0.000666667
4730 0
4750 0.000333333
4770 0
4790 0
4810 0.000666667
4830 0
4850 0.000666667
4870 0.001
4890 0.000333333
4910 0.001
4930 0
4950 0.000333333
4970 0.000666667
4990 0.000666667
5010 0
5030 0.000333333
5050 0.000666667
5070 0
5090 0.000666667
5110 0.001
5130 0.001
5150 0.001
5170 0.001
5190 0
5210 0
5230 0
5250 0
5270 0.000333333
5290 0.000333333
5310 0.000333333
5330 0
5350 0.000333333
5370 0.000666667
5390 0.000333333
5410 0.000666667
5430 0.000333333
5450 0.000333333
5470 0
5490 0.000333333
5510 0.000333333
5530 0.000666667
5550 0.000333333
5570 0.000333333
5590 0.000333333
5610 0.000333333
5630 0.000666667
5650 0.000666667
5670 0.000333333
5690 0.000333333
5710 0.000333333
5730 0.000333333
5750 0.000333333
5770 0
5790 0
5810 0
5830 0.000666667
5850 0.000333333
5870 0
5890 0.000666667
5910 0
5930 0
5950 0.000666667
5970 0.000333333
5990 0.000666667
6010 0.000666667
6030 0.001
6050 0.000666667
6070 0.001
6090 0
6110 0
6130 0
6150 0
6170 0.000666667
6190 0.000333333
6210 0
6230 0
6250 0
6270 0
6290 0
6310 0
6330 0
6350 0
6370 0.001
6390 0.001
6410 0.000666667
6430 0
6450 0
6470 0.000666667
6490 0.001
6510 0.000666667
6530 0
6550 0.001
6570 0
6590 0.000666667
6610 0.001
6630 0
6650 0.000333333
6670 0.001
6690 0
6710 0.000666667
6730 0.000333333
6750 0.00133333
6770 0.001
6790 0.001
6810 0.000333333
6830 0
6850 0
6870 0.001
6890 0
6910 0.000666667
6930 0.001
6950 0
6970 0.000333333
6990 0.001
7010 0.000333333
7030 0.001
7050 0.001
7070 0.000333333
7090 0.001
7110 0.000666667
7130 0
7150 0
7170 0.001
7190 0.000333333
7210 0.001
7230 0
7250 0.000333333
7270 0.000333333
7290 0.001
7310 0.000333333
7330 0.001
7350 0.000666667
7370 0.000666667
7390 0.000666667
7410 0.001
7430 0
7450 0.000666667
7470 0.000666667
7490 0.001
7510 0.000333333
7530 0.001
7550 0.000333333
7570 0.000666667
7590 0.000333333
7610 0.000666667
7630 0
7650 0.001
7670 0.000666667
7690 0.000666667
7710 0.000666667
7730 0.001
7750 0.000666667
7770 0.000666667
7790 0.001
7810 0.001
7830 0.000666667
7850 0.000666667
7870 0.000333333
7890 0.000666667
7910 0.001
7930 0.001
7950 0.001
7970 0.000666667
7990 0.001
8010 0.000666667
8030 0.000666667
8050 0.001
8070 0.001
8090 0.000666667
8110 0.001
8130 0.000666667
8150 0.001
8170 0.000333333
8190 0.001
8210 0.000666667
8230 0.000333333
8250 0.001
8270 0.000666667
8290 0.001
8310 0.000666667
8330 0.000666667
8350 0.000666667
8370 0.000333333
8390 0.000333333
8410 0.001
8430 0.000333333
8450 0.000666667
8470 0.001
8490 0.000666667
8510 0.000333333
8530 0.001
8550 0.001
8570 0.000333333
8590 0.000666667
8610 0.001
8630 0.000666667
8650 0.001
8670 0.000666667
8690 0.001
8710 0.000666667
8730 0.000666667
8750 0.000666667
8770 0.000666667
8790 0.000666667
8810 0.000666667
8830 0.000666667
8850 0.000666667
8870 0.000666667
8890 0.000666667
8910 0.001
8930 0.000666667
8950 0.000666667
8970 0.000666667
8990 0.000333333
9010 0.000666667
9030 0.001
9050 0.000666667
9070 0.000666667
9090 0.000666667
9110 0.000666667
9130 0.000666667
9150 0.000666667
9170 0.000666667
9190 0.001
9210 0.000666667
9230 0.001
9250 0.000666667
9270 0.000666667
9290 0.000333333
9310 0.000333333
9330 0.000666667
9350 0.000666667
9370 0.000666667
9390 0.000666667
9410 0.000666667
9430 0.000666667
9450 0.000333333
9470 0.001
9490 0.000666667
9510 0.000333333
9530 0.000666667
9550 0.000666667
9570 0.000666667
9590 0.000333333
9610 0.000666667
9630 0.000333333
9650 0.000333333
9670 0.000666667
9690 0.000666667
9710 0.000333333
9730 0.000666667
9750 0.000666667
9770 0.000666667
9790 0.000666667
9810 0.000666667
9830 0.000333333
9850 0.000333333
9870 0.000666667
9890 0.000666667
9910 0.000666667
9930 0.001
9950 0.001
9970 0.001
9990 0.000666667
