integers
10 0.000333333
30 0.000333333
50 0
70 0
90 0.000333333
110 0
130 0.000333333
150 0
170 0.000333333
190 0
210 0
230 0
250 0.000333333
270 0.000333333
290 0.000333333
310 0.000333333
330 0.000333333
350 0.000333333
370 0.000666667
390 0.000333333
410 0.000666667
430 0.000333333
450 0.000666667
470 0.000333333
490 0.000666667
510 0.000666667
530 0.000666667
550 0.000333333
570 0.001
590 0.000666667
610 0.001
630 0.001
650 0.000666667
670 0.00133333
690 0.00133333
710 0.001
730 0.00133333
750 0.00166667
770 0.00166667
790 0.00133333
810 0.00166667
830 0.00166667
850 0.00166667
870 0.002
890 0.002
910 0.002
930 0.002
950 0.002
970 0.00266667
990 0.002
strings
10 0.000333333
30 0.000333333
50 0
70 0.000333333
90 0
110 0
130 0.000333333
150 0
170 0.000333333
190 0
210 0.000333333
230 0
250 0.000333333
270 0.000333333
290 0.000333333
