2 0 0
20 0.002 0.021
38 0.004 0.072
56 0.004 0.059
74 0.005 0.232
92 0.01 0.219
110 0.01 0.211
128 0.01 0.215
146 0.014 0.849
164 0.009 0.836
182 0.014 0.84
200 0.017 0.841
218 0.015 0.84
236 0.02 0.839
254 0.017 0.872
272 0.02 3.359
290 0.03 3.401
308 0.024 3.346
326 0.03 3.37
344 0.032 3.373
362 0.031 3.36
380 0.042 3.541
398 0.039 3.532
416 0.031 3.426
434 0.033 3.537
452 0.032 3.448
470 0.036 3.469
488 0.045 3.706
506 0.039 3.622
524 0.039 13.855
542 0.045 14.051
560 0.044 13.611
578 0.048 14.081
596 0.046 13.549
614 0.048 13.561
632 0.051 14.141
650 0.058 13.758
668 0.061 14.219
686 0.056 13.991
704 0.054 14.194
722 0.056 14.724
740 0.059 14.156
758 0.083 14.04
776 0.06 14.319
794 0.068 14.279
812 0.065 13.885
830 0.063 14.618
848 0.071 14.165
866 0.075 14.155
884 0.072 15.376
902 0.082 14.798
920 0.085 14.643
938 0.075 14.632
956 0.075 14.102
974 0.076 14.459
992 0.079 14.24
