2 0.001 0
20 0.002 0.013
38 0.003 0.051
56 0.003 0.055
74 0.005 0.219
92 0.005 0.224
110 0.008 0.228
128 0.008 0.236
146 0.01 0.887
164 0.013 0.894
182 0.011 0.964
200 0.013 0.893
218 0.015 0.885
236 0.016 0.905
254 0.017 0.905
272 0.019 3.564
290 0.019 3.76
308 0.021 3.638
326 0.021 3.563
344 0.024 3.584
362 0.03 3.554
380 0.024 3.575
398 0.027 3.95
416 0.031 4.053
434 0.035 3.912
452 0.039 3.621
470 0.037 4.039
488 0.039 3.727
506 0.038 3.771
524 0.044 14.784
542 0.055 15.067
560 0.044 14.463
578 0.042 15.397
596 0.054 15.103
614 0.048 15.198
632 0.051 14.525
650 0.059 15.328
668 0.061 15.068
686 0.054 14.454
704 0.059 14.743
722 0.051 15.407
740 0.054 15.177
758 0.056 14.928
776 0.062 15.495
794 0.066 15.147
812 0.067 14.645
830 0.061 15.453
848 0.065 15.395
866 0.064 15.529
884 0.068 14.824
902 0.077 14.947
920 0.069 15.215
938 0.072 15.313
956 0.07 15.227
974 0.074 15.046
992 0.075 15.37
