2 0 0
20 0.002 0.013
38 0.002 0.053
56 0.004 0.054
74 0.005 0.219
92 0.006 0.222
110 0.007 0.217
128 0.01 0.227
146 0.009 0.878
164 0.013 0.879
182 0.014 0.877
200 0.014 0.884
218 0.016 0.888
236 0.017 0.891
254 0.017 0.894
272 0.02 3.572
290 0.019 3.854
308 0.023 3.628
326 0.023 3.797
344 0.023 3.512
362 0.025 3.525
380 0.027 3.536
398 0.028 3.781
416 0.033 3.558
434 0.034 3.559
452 0.033 3.961
470 0.034 3.646
488 0.045 3.583
506 0.042 3.628
524 0.04 14.223
542 0.042 14.837
560 0.044 14.927
578 0.045 14.805
596 0.049 15.029
614 0.053 14.372
632 0.051 15.786
650 0.047 14.804
668 0.049 14.666
686 0.052 14.36
704 0.053 14.377
722 0.053 15.779
740 0.057 14.785
758 0.055 15.617
776 0.06 15.648
794 0.057 14.22
812 0.062 14.815
830 0.063 15.135
848 0.062 15.011
866 0.065 14.49
884 0.065 15.523
902 0.082 15.849
920 0.075 14.834
938 0.077 15.24
956 0.085 14.813
974 0.083 15.131
992 0.075 14.816
